camera_matrix:
- - 653.1070007239106
  - 0.0
  - 339.2952147845755
- - 0.0
  - 650.7753992788821
  - 258.1165494889447
- - 0.0
  - 0.0
  - 1.0
distortion_coefficients:
- - -0.03887864427953473
  - 0.6888798469690414
  - 0.00815702400928161
  - 0.010438854120041072
  - -1.713270699000528
ret: 0.8740502266880291
rotation_vectors:
- - - 0.19334278949034853
  - - -0.39317775778263014
  - - -1.5800547591037442
- - - 0.1415304644680171
  - - -0.35249177722141817
  - - -1.5870464660276746
- - - 0.07145800983365477
  - - -0.2951830095727845
  - - -1.5917680595742916
- - - 0.12204607378927085
  - - -0.4226250007630626
  - - -1.5673739156519495
- - - 0.14503651205020698
  - - -0.43321157225632617
  - - -1.5918993806775503
- - - -0.02207590223059186
  - - -0.2510874762794506
  - - -1.6181874532240366
- - - -0.05950812960174174
  - - -0.16725355437173461
  - - -1.5917987072118724
- - - -0.16190894138149717
  - - -0.25050185337228936
  - - -1.586493778189694
- - - -0.3556931949363321
  - - -0.42674843023637216
  - - -1.5589373686204722
- - - -0.28172037066817013
  - - -0.33305179948725905
  - - -1.5860850797777983
- - - 0.0531091484422176
  - - 0.019074617378478292
  - - -1.595201648048529
- - - 0.3588480183819561
  - - 0.3112027062279582
  - - -1.5548031088107543
- - - 0.4825335789900139
  - - 0.41265495271285435
  - - -1.5589504034652755
- - - 0.44379738792050566
  - - 0.3704548142256678
  - - -1.5277131852546053
- - - 0.3793221452903639
  - - 0.2827316604046707
  - - -1.3796606358979069
- - - 0.2529158319325478
  - - 0.21566217674745652
  - - -1.0621417155283666
- - - 0.19138760421300297
  - - 0.19841692611068995
  - - -0.7939716570623873
- - - 0.06841006371470312
  - - 0.13846313864700743
  - - -0.463300471769232
- - - -0.002241915177654427
  - - 0.10931653980864128
  - - -0.2766118065216638
- - - -0.05480152908639792
  - - 0.06729354931255073
  - - -0.05456871660216572
- - - -0.012458117373124572
  - - 0.05248394684159641
  - - 0.02476082610335563
- - - 0.24328304346053536
  - - 0.006931551067110413
  - - -0.046710101714981786
- - - 0.4085952377850106
  - - 0.033513669876279684
  - - -0.03987713168774333
- - - 0.5809480627045792
  - - 0.06956842620777469
  - - -0.08756287116714331
- - - 0.570513421809794
  - - 0.04769688040177239
  - - -0.07449272883630471
- - - 0.16229841860433983
  - - 0.014837546869716303
  - - -0.09057199279546814
- - - -0.264471203981086
  - - 0.03874558401161473
  - - -0.11897606436822977
- - - -0.3254545228444597
  - - 0.042421447831823764
  - - -0.1612633134578986
- - - -0.16951471952923902
  - - 0.03885192518170661
  - - -0.6993525213678556
- - - -0.18145699498855883
  - - 0.0426775782898655
  - - -1.547154734875918
- - - 0.01058261160697852
  - - -0.004038998786050003
  - - -2.437327930569846
- - - 0.046461414289467186
  - - -0.21178236905719075
  - - -2.9792410191609933
- - - 0.11367595155265141
  - - -0.24165526379815153
  - - -3.077423300951773
- - - 0.1357135873994801
  - - -0.21489481000223892
  - - -3.1012683721817536
- - - 0.15017029445969643
  - - -0.21022691282526274
  - - -3.1221933651194074
- - - 0.08183182627242591
  - - -0.2795818635495436
  - - -3.113224948854316
- - - 0.10027634023999082
  - - -0.24841558957023063
  - - -3.1301142167793983
- - - 0.2072398029471141
  - - 0.2538352594655946
  - - 3.0972273961210854
- - - 0.3187693718961959
  - - 0.27250813694479625
  - - 3.0806976362197975
- - - 0.36052077121926207
  - - 0.26231174764803833
  - - 3.064906138526404
- - - 0.3882943293002287
  - - 0.19050120337143564
  - - 3.0589499641493663
- - - 0.13484737528870452
  - - 0.18547506813389988
  - - 3.11737359475777
- - - 0.26157907229010635
  - - -0.14279214972566978
  - - -3.111415768650088
- - - 0.6897189223353004
  - - -0.15607295195593632
  - - -3.04890332950653
- - - 0.6889164802246995
  - - -0.14344199182170758
  - - -3.026721481442045
- - - 0.6878218277908265
  - - -0.10549724791904055
  - - -3.0351096893286984
- - - 0.6492926339595588
  - - -0.10243981435865075
  - - -3.037016802821158
- - - 0.6015840349373781
  - - -0.12402032010324791
  - - -3.040293529531838
- - - 0.6009245894952657
  - - -0.11064238175368862
  - - -3.030167892992674
translation_vectors:
- - - -23.327707014969583
  - - 10.99812089632706
  - - 54.64586679174625
- - - -23.41664825154685
  - - 12.136508863563764
  - - 59.060278188704146
- - - -19.96447832909552
  - - 12.343107301347457
  - - 68.08097267445127
- - - -16.2280732156707
  - - 10.514814931534811
  - - 68.57079617474561
- - - -10.420046023225439
  - - 10.125505662670726
  - - 70.64460772762727
- - - -6.717993882588177
  - - 10.742880963953311
  - - 80.24722126334537
- - - -4.1779853657033446
  - - 9.999716641017587
  - - 84.83341658441059
- - - -4.33222607985866
  - - 12.112910936039018
  - - 84.98370042912178
- - - -4.862451291776451
  - - 10.673114334184413
  - - 83.84921656441973
- - - -4.885097569810055
  - - 11.489403985827535
  - - 84.87332466872445
- - - -5.481710044539385
  - - 11.313744324134463
  - - 88.8890941399373
- - - -6.266065293569393
  - - 9.85701524679293
  - - 92.2838879301342
- - - -6.332184333387707
  - - 10.122684189009387
  - - 93.42806468122888
- - - -6.391549453684795
  - - 9.913326735104784
  - - 93.01575395177872
- - - -6.685880453841122
  - - 9.360232320050807
  - - 92.42593345749897
- - - -6.969474381703705
  - - 7.592618789301456
  - - 91.45235467471146
- - - -7.728381952084203
  - - 5.898908590572071
  - - 90.48518696330278
- - - -6.797087282657585
  - - 2.4427437972740713
  - - 89.43638656550813
- - - -5.7214757674383385
  - - 0.8695733333995767
  - - 89.19803227924258
- - - -3.84571489344356
  - - -0.8597277355978543
  - - 89.25195522653682
- - - -3.675381755851703
  - - -1.905181390958561
  - - 89.3807615903739
- - - -4.851181683049889
  - - -3.0279160701109182
  - - 88.88877482983557
- - - -5.072580829417051
  - - -2.9202870916414247
  - - 87.89379889209309
- - - -6.6470502951585
  - - -1.9134118834164109
  - - 86.59456129244998
- - - -6.4123679017668165
  - - -1.1450173345578525
  - - 86.37425308885354
- - - -7.2406892231616595
  - - 0.18207788381543744
  - - 89.13265959564593
- - - -7.221635920376711
  - - 1.2174818011243413
  - - 90.77367954876384
- - - -7.543288017970884
  - - 1.6483290520618938
  - - 90.7329147485718
- - - -11.571331263929537
  - - 7.125933701095989
  - - 89.31806236730806
- - - -11.807528928249212
  - - 20.280147555634795
  - - 90.62714364952444
- - - -2.7164463859071963
  - - 26.271513551767093
  - - 90.47419096451755
- - - 3.371083750494859
  - - 23.514110576276483
  - - 89.27535283338439
- - - 6.677372426799765
  - - 23.30353134817471
  - - 90.08869105601514
- - - 6.476357257439923
  - - 24.780743618068126
  - - 98.54158165981086
- - - 5.500916956498153
  - - 25.43609633557856
  - - 116.82369816753581
- - - 3.1980400376630627
  - - 25.486474360925822
  - - 119.6150934758494
- - - 5.011856457631021
  - - 25.375217064924293
  - - 118.8856445372462
- - - 12.806778960666078
  - - 25.772011926145897
  - - 117.38315347520474
- - - 17.03032872251648
  - - 26.398545824132597
  - - 116.10180495189203
- - - 24.524322361319328
  - - 26.26006430746534
  - - 119.16745898248766
- - - 32.51582842441456
  - - 26.96746976339075
  - - 126.38387464851702
- - - 28.01854877250055
  - - 27.518185846585073
  - - 128.02289906056205
- - - 15.699704130039201
  - - 28.13521302980552
  - - 127.59332737547118
- - - -14.435225470597477
  - - 26.987231562664704
  - - 116.01886715078902
- - - -12.784924819183596
  - - 25.22776147973055
  - - 94.15330844471498
- - - -13.844695506368739
  - - 25.713453018600223
  - - 91.5020252974222
- - - -13.99968732739241
  - - 25.997232757296665
  - - 91.89143157229722
- - - -13.845814515418112
  - - 20.844070350084273
  - - 89.61962022376483
- - - -13.256776104801963
  - - 18.852086177599737
  - - 84.80335935415752
